   0.0000000e+00	   0.0000000e+00	
  -2.3573537e+01	  -3.5994363e+01	
  -3.5456439e+01	   5.4779278e+00	
  -3.2189102e+01	   1.0283957e+00	
  -3.6754571e+01	  -2.6492964e+01	
  -4.3477459e+01	  -7.8754073e+00	
  -4.8822613e+01	   3.1684970e+01	
  -3.1231868e+01	   2.5745648e+01	
  -2.2869290e+01	   4.3473485e+01	
  -1.8079117e+00	   6.7715964e+01	
   6.8614331e+00	   4.9012425e+01	
   2.4308507e+01	   7.8011791e+01	
  -1.2979715e+01	   9.4860275e+01	
   3.3234937e-02	   6.9126759e+01	
  -1.3759229e+01	   9.7279886e+01	
   2.2396530e+01	   8.1638273e+01	
   2.3660459e+01	   9.7309570e+01	
   2.4642061e+01	   1.0502775e+02	
  -4.4260294e+00	   1.1859445e+02	
  -1.0764375e+01	   1.4939593e+02	
  -2.0561042e+01	   1.5156696e+02	
  -9.3485344e+00	   1.6957690e+02	
   1.9624906e+01	   1.8065644e+02	
  -7.2923013e+00	   2.0719654e+02	
  -1.4231357e+01	   2.1002370e+02	
  -3.2538534e+01	   2.3753760e+02	
  -6.7049833e+01	   2.5368656e+02	
  -4.5128487e+01	   2.5741014e+02	
  -3.5594984e+01	   2.8158428e+02	
  -4.3037234e+01	   3.0168639e+02	
  -6.3906019e+00	   3.1440807e+02	
  -1.7981409e+01	   3.2299160e+02	
   2.2372013e+00	   3.6512861e+02	
  -1.6394087e+01	   3.4540116e+02	
  -6.1242280e-01	   3.3435473e+02	
  -2.2177990e+01	   3.6606664e+02	
   2.1450142e+01	   3.8431633e+02	
  -5.8324124e+00	   3.7517115e+02	
  -3.3754831e-01	   3.8092165e+02	
  -9.6325581e-01	   3.9025542e+02	
   4.4110439e+00	   4.1039815e+02	
   6.5773096e+01	   4.1393534e+02	
   3.5409891e+01	   3.7937979e+02	
   1.1835533e+01	   4.3148354e+02	
   2.2322022e+01	   4.0916985e+02	
   2.9040844e+01	   4.2470053e+02	
   2.1638737e+01	   4.3685635e+02	
   2.5170973e+01	   4.0370148e+02	
   1.9882398e+01	   4.4445216e+02	
   2.9978463e+01	   4.7214191e+02	
   2.1326009e+01	   4.6180536e+02	
   4.1522383e+00	   4.2423278e+02	
   4.2449989e+01	   4.3236826e+02	
   1.8570332e+00	   4.3251239e+02	
   1.7700698e+01	   4.5968162e+02	
  -9.8288751e+00	   5.0665348e+02	
   6.6545277e+00	   5.0404955e+02	
   1.9631304e+01	   5.2097159e+02	
   1.6483425e+01	   5.3719171e+02	
  -2.2887711e+01	   5.2749480e+02	
   6.2538190e+00	   5.1764465e+02	
   2.8466021e+01	   5.2915876e+02	
  -2.2861815e+01	   5.0292948e+02	
   3.3763206e+01	   5.1117198e+02	
   4.3099860e+01	   4.9301249e+02	
   3.1442249e+01	   5.3337948e+02	
   3.2929855e+01	   5.4765230e+02	
  -5.5905461e+00	   5.9811205e+02	
  -1.9463942e+01	   6.0057003e+02	
   1.3406159e+01	   6.1704750e+02	
   2.4486816e+01	   6.1378608e+02	
   1.3089889e+01	   6.2594517e+02	
   2.1424962e+01	   6.5075322e+02	
  -6.1495878e+00	   6.4510483e+02	
  -9.1439035e+00	   6.3336695e+02	
  -1.9116996e+01	   6.5922979e+02	
  -3.0903388e+01	   6.6659201e+02	
  -1.2671620e+01	   6.5102403e+02	
   6.4092687e+00	   6.7043438e+02	
  -2.9792334e+01	   6.6909465e+02	
  -1.9970590e+01	   6.6802557e+02	
  -1.4650485e+01	   7.0151837e+02	
  -1.1158269e+01	   7.0399646e+02	
  -2.0319949e+01	   6.9406916e+02	
  -2.0031815e+01	   7.2589512e+02	
   1.0264493e+01	   7.7473416e+02	
   2.2195344e+01	   7.0206723e+02	
   2.7932127e+01	   7.6265049e+02	
   1.5369783e+01	   7.8472548e+02	
   1.8144852e+01	   8.1783871e+02	
  -4.3376944e-02	   8.2592774e+02	
   2.5834499e+01	   7.9694201e+02	
   8.7993352e+00	   8.4219728e+02	
  -1.0207356e+00	   8.7959679e+02	
  -1.7146828e+01	   8.5145140e+02	
  -5.5700027e+00	   8.7736951e+02	
   1.7640070e+01	   8.8805247e+02	
   4.4445497e+01	   8.7882654e+02	
   2.5975629e+00	   9.0263096e+02	
  -2.7953854e+01	   8.5532206e+02	
  -1.2388143e+01	   8.9129305e+02	
  -3.5429786e+00	   9.4961647e+02	
   3.5162201e+00	   9.3914803e+02	
   2.7759780e+01	   9.1580277e+02	
  -3.7875456e+01	   9.3128114e+02	
  -4.3645612e+01	   9.6311006e+02	
  -1.6432240e+01	   9.7779149e+02	
  -9.0670133e+00	   9.6417573e+02	
  -1.9155624e+01	   9.8607947e+02	
   1.8182746e+01	   9.6227643e+02	
  -1.1818319e+01	   9.9640555e+02	
  -2.7727181e+01	   1.0034519e+03	
  -3.1407607e+01	   1.0234129e+03	
  -3.6038313e+01	   1.0210573e+03	
  -7.4066810e-01	   1.0443144e+03	
  -9.2577554e+00	   1.0453417e+03	
  -2.5141870e+01	   1.0534991e+03	
  -2.0339357e+01	   1.0510940e+03	
   4.9515192e+00	   1.0879908e+03	
  -2.9343562e+01	   1.0861640e+03	
  -2.2932814e+00	   1.0632723e+03	
  -5.6054194e+00	   1.1048349e+03	
  -1.7448667e+01	   1.0890972e+03	
   1.0719498e+01	   1.0795555e+03	
  -4.5701554e+01	   1.1169138e+03	
   5.7077581e+00	   1.1042122e+03	
  -2.5334291e+00	   1.1001546e+03	
  -1.7592088e+01	   1.1076609e+03	
  -2.7069688e+01	   1.1249200e+03	
  -3.4738308e+01	   1.1533314e+03	
  -1.8731789e+01	   1.1668460e+03	
  -3.1365019e+01	   1.1924856e+03	
  -4.7077840e+00	   1.1996950e+03	
  -2.2638679e+01	   1.1647422e+03	
  -2.8527466e+01	   1.1853541e+03	
  -2.3926689e+01	   1.1613020e+03	
   2.8414665e+00	   1.1847875e+03	
  -3.5451152e+01	   1.2001890e+03	
  -3.4549408e+01	   1.2366770e+03	
  -2.2262699e+01	   1.2438867e+03	
  -2.5470459e+01	   1.2429576e+03	
  -1.2502519e+01	   1.2932954e+03	
   1.1023107e+01	   1.1984180e+03	
   1.0557717e+01	   1.2472038e+03	
  -2.8178463e+00	   1.2599703e+03	
   4.3461789e+00	   1.2973051e+03	
   1.1961955e+01	   1.3098950e+03	
   4.4576563e+01	   1.3208787e+03	
   2.3408142e+01	   1.3236344e+03	
   1.4103141e+01	   1.2917302e+03	
   2.7785130e+01	   1.3209986e+03	
   1.4454507e+01	   1.3451608e+03	
   3.8534446e-02	   1.3726767e+03	
   1.3107522e+01	   1.3720817e+03	
   4.6443266e+00	   1.3640793e+03	
   5.2748647e+01	   1.4443223e+03	
   2.6192316e+01	   1.3974738e+03	
   5.7240127e+01	   1.4224611e+03	
   2.0039470e+01	   1.4253578e+03	
   3.9113782e+01	   1.4381897e+03	
   2.6843701e+01	   1.4376489e+03	
   1.8663985e+01	   1.4653139e+03	
   3.3092840e+00	   1.5324565e+03	
   1.1473003e+01	   1.5053399e+03	
   4.5309473e+01	   1.4962859e+03	
   4.3406913e+01	   1.5003775e+03	
   1.1651802e+01	   1.5054153e+03	
   4.1590255e+00	   1.5467627e+03	
   1.3912774e+00	   1.5637341e+03	
   5.5683972e+01	   1.5551672e+03	
  -6.1710245e-01	   1.5088266e+03	
   6.4479926e+01	   1.5779410e+03	
   6.4950248e+01	   1.5618855e+03	
   3.3407874e+01	   1.5362941e+03	
  -2.3317723e+01	   1.5291709e+03	
  -9.2373612e+00	   1.5954828e+03	
  -2.0396816e+01	   1.5946703e+03	
   4.1271708e+01	   1.6263141e+03	
   1.6758702e+01	   1.5963277e+03	
   2.5314119e+01	   1.6396530e+03	
   1.0362168e+01	   1.6577273e+03	
   1.6602866e+01	   1.6478710e+03	
   4.1130002e+01	   1.6504735e+03	
   2.7696604e+01	   1.6505291e+03	
   2.9587041e+01	   1.6964328e+03	
   4.1112573e+01	   1.6602555e+03	
   3.9779261e+01	   1.7092028e+03	
   2.9576925e+01	   1.6993222e+03	
   4.8415569e+01	   1.7247782e+03	
   4.6904064e+01	   1.7664444e+03	
   2.9423196e+01	   1.7832701e+03	
   4.1353866e+01	   1.7505118e+03	
   6.5268586e+01	   1.8165505e+03	
   9.1475438e+01	   1.7705969e+03	
   6.1841382e+01	   1.8306642e+03	
   8.8971804e+01	   1.8372068e+03	
   7.9171872e+01	   1.8337996e+03	
   7.3477066e+01	   1.8466755e+03	
   8.8103174e+01	   1.8111603e+03	
   5.4335114e+01	   1.8283224e+03	
   5.1963905e+01	   1.8470961e+03	
